    6.00
  283.00
  152.00
   17.00
   64.00
  294.00
  359.00
   26.00
  450.00
  456.00
  765.00
  231.00
   19.00
    4.00
   56.00
   12.00
  122.00
  619.00
  683.00
  233.00
   39.00
  210.00
   61.00
   24.00
  245.00
  337.00
    3.00
  125.00
    3.00
   54.00
  208.00
    5.00
  226.00
  248.00
    1.00
    2.00
  133.00
  446.00
  461.00
  663.00
  193.00
   51.00
    5.00
   62.00
   21.00
  232.00
  195.00
    5.00
  538.00
   49.00
  266.00
  124.00
  488.00
    1.00
  317.00
   34.00
  995.00
   24.00
  300.00
 1132.00
 1129.00
   27.00
   83.00
  522.00
 1729.00
   89.00
  139.00
  307.00
  172.00
  158.00
  782.00
 2232.00
  125.00
  125.00
   25.00
  379.00
  903.00
  227.00
    1.00
 1072.00
  355.00
  373.00
  244.00
   53.00
   16.00
  576.00
  284.00
  165.00
  258.00
  239.00
   35.00
   35.00
   86.00
   15.00
  117.00
  379.00
  167.00
   76.00
  194.00
  221.00
  102.00
  120.00
  231.00
  148.00
  161.00
  711.00
  131.00
   66.00
    3.00
  110.00
   45.00
  123.00
  471.00
   73.00
  156.00
  168.00
  983.00
   19.00
   15.00
 1863.00
  840.00
  993.00
  318.00
 1073.00
  760.00
    6.00
  130.00
  387.00
  218.00
 1024.00
 1050.00
  193.00
  699.00
 1274.00
   23.00
  945.00
 1120.00
    2.00
 1936.00
  152.00
  170.00
    4.00
  150.00
  415.00
  580.00
  322.00
  710.00
  343.00
  763.00
 1195.00
  543.00
  132.00
  604.00
 1215.00
 1139.00
  115.00
  392.00
 2100.00
   24.00
  371.00
  135.00
  504.00
 1436.00
 1140.00
  287.00
  674.00
  874.00
 1157.00
  499.00
  219.00
  229.00
  309.00
  179.00
  242.00
   49.00
  466.00
   21.00
   70.00
  433.00
  162.00
  140.00
  157.00
  694.00
    4.00
  141.00
  160.00
  484.00
  170.00
    9.00
  207.00
  968.00
  498.00
  924.00
  287.00
  386.00
  887.00
  656.00
  100.00
  391.00
  382.00
   24.00
  124.00
   44.00
  366.00
   18.00
  251.00
  118.00
  302.00
  386.00
  304.00
  485.00
  586.00
 1253.00
  368.00
 1250.00
 2107.00
  181.00
 1511.00
  253.00
  609.00
    1.00
    2.00
   86.00
  424.00
 1594.00
  515.00
    6.00
   36.00
   97.00
  154.00
 1611.00
 1683.00
   25.00
   77.00
  250.00
   15.00
 1292.00
  364.00
  833.00
 2501.00
 1252.00
  997.00
  661.00
  162.00
  916.00
  546.00
 2065.00
  427.00
  257.00
  330.00
  411.00
   92.00
  115.00
   35.00
 1188.00
 1329.00
 1188.00
   88.00
  715.00
  655.00
 2260.00
  159.00
  467.00
  697.00
   39.00
  971.00
   17.00
  103.00
 1152.00
  145.00
   29.00
  100.00
   82.00
 1068.00
 1027.00
   95.00
  205.00
  331.00
  626.00
  237.00
  646.00
   24.00
  394.00
  497.00
  196.00
   51.00
   30.00
  236.00
   30.00
   83.00
  138.00
  351.00
   99.00
  104.00
   53.00
  356.00
   52.00
   26.00
  485.00
  205.00
   88.00
    1.00
 1010.00
  136.00
  171.00
  178.00
   17.00
   10.00
    2.00
  204.00
  192.00
   99.00
  821.00
   97.00
  543.00
  447.00
  258.00
  154.00
  202.00
  108.00
  164.00
   89.00
   40.00
   59.00
   19.00
  219.00
   13.00
    2.00
  361.00
  162.00
  397.00
  264.00
  704.00
  510.00
  236.00
   42.00
  341.00
   50.00
  468.00
  113.00
    3.00
   30.00
  169.00
   26.00
  522.00
   71.00
  302.00
   20.00
  413.00
  272.00
  558.00
  195.00
   31.00
   45.00
   51.00
    1.00
   15.00
    6.00
  184.00
  214.00
   20.00
  702.00
    6.00
  219.00
   11.00
 2244.00
 3898.00
   92.00
  877.00
    5.00
  202.00
  299.00
    2.00
 1906.00
   41.00
 1532.00
   15.00
   47.00
  157.00
 3206.00
  132.00
    5.00
  244.00
    1.00
   51.00
  118.00
  438.00
  157.00
  232.00
   40.00
  277.00
  187.00
 1368.00
  796.00
   10.00
 2452.00
    2.00
 1731.00
  158.00
  138.00
  221.00
  146.00
   13.00
 2652.00
  302.00
  370.00
  532.00
 1344.00
 7489.00
   58.00
   37.00
   21.00
  352.00
    8.00
  161.00
  476.00
   67.00
    4.00
 1345.00
  112.00
   12.00
 2657.00
  933.00
 1607.00
  962.00
    5.00
  820.00
 2924.00
 2767.00
 1704.00
  653.00
  266.00
  186.00
    2.00
 2351.00
   98.00
   67.00
    2.00
  140.00
    9.00
    4.00
 5128.00
   45.00
    5.00
  120.00
   41.00
  122.00
  481.00
   20.00
  110.00
  455.00
    3.00
   49.00
   84.00
  163.00
   67.00
  226.00
  309.00
  117.00
  183.00
  257.00
    4.00
   24.00
    1.00
   21.00
  288.00
  232.00
  122.00
  295.00
   41.00
  312.00
  332.00
   71.00
  108.00
  120.00
   13.00
  341.00
  417.00
    9.00
  654.00
  270.00
  415.00
  260.00
   67.00
   67.00
  452.00
   44.00
   89.00
    2.00
  154.00
    1.00
  231.00
  342.00
  476.00
   29.00
  260.00
   10.00
  115.00
   96.00
    9.00
  184.00
  221.00
   76.00
    2.00
   88.00
   32.00
    3.00
   37.00
   94.00
   56.00
  104.00
  112.00
  414.00
  102.00
  173.00
  466.00
  674.00
  115.00
  465.00
  244.00
  131.00
  147.00
    6.00
  292.00
   91.00
  293.00
  160.00
  119.00
  442.00
 1206.00
  603.00
    3.00
 1117.00
  533.00
  248.00
  252.00
  321.00
  274.00
  287.00
  353.00
  356.00
  518.00
  417.00
  102.00
  243.00
  468.00
 1630.00
   67.00
  823.00
  105.00
  123.00
  262.00
   90.00
 1162.00
  314.00
  494.00
   63.00
  656.00
  350.00
 1115.00
  332.00
  443.00
  121.00
  422.00
  968.00
  676.00
  748.00
    4.00
    4.00
   12.00
  195.00
  669.00
  185.00
   64.00
   24.00
    1.00
  473.00
    3.00
   70.00
   10.00
 1251.00
   40.00
  304.00
    1.00
  119.00
  447.00
   40.00
  982.00
  375.00
   24.00
   94.00
  778.00
  290.00
 1001.00
  832.00
  132.00
  274.00
  264.00
  209.00
  247.00
  212.00
  125.00
   69.00
   70.00
  361.00
  813.00
  705.00
 1271.00
   83.00
    5.00
  371.00
   90.00
   13.00
   18.00
   14.00
   61.00
    9.00
   13.00
  355.00
  988.00
  284.00
  425.00
  298.00
  380.00
  567.00
  383.00
  451.00
  448.00
  206.00
  415.00
  159.00
  460.00
  364.00
   65.00
  272.00
   27.00
   71.00
   74.00
   68.00
   75.00
   74.00
  201.00
  113.00
  100.00
   69.00
  114.00
   23.00
  165.00
  102.00
   41.00
  156.00
  424.00
  175.00
  119.00
  306.00
  139.00
   80.00
  265.00
    1.00
  114.00
  736.00
  113.00
   35.00
  147.00
  160.00
  189.00
  150.00
    3.00
  108.00
   89.00
    1.00
   15.00
    1.00
 1303.00
   11.00
  194.00
 1595.00
    1.00
   32.00
    2.00
  129.00
    8.00
  745.00
   14.00
    1.00
  119.00
  123.00
   48.00
  828.00
  810.00
  725.00
  410.00
  706.00
 1899.00
  176.00
  149.00
   25.00
  515.00
  487.00
  166.00
   11.00
   23.00
  484.00
  234.00
   70.00
    1.00
  413.00
   73.00
  221.00
   95.00
  468.00
  129.00
   81.00
  777.00
   16.00
  197.00
  190.00
  226.00
  484.00
  141.00
   23.00
   79.00
   44.00
    4.00
   24.00
  241.00
  208.00
   69.00
  149.00
  225.00
  604.00
   75.00
 1097.00
   61.00
  543.00
   61.00
   59.00
  138.00
  100.00
    9.00
   11.00
  191.00
   85.00
   92.00
   17.00
  213.00
  183.00
    1.00
  143.00
    9.00
   69.00
  336.00
  177.00
    4.00
   28.00
 1054.00
    4.00
  160.00
  195.00
  518.00
  345.00
  145.00
  345.00
   28.00
  933.00
  425.00
    1.00
   39.00
   18.00
  171.00
   20.00
  412.00
  182.00
  178.00
   73.00
  150.00
   10.00
  234.00
  124.00
   74.00
  489.00
   21.00
  267.00
  117.00
   61.00
   81.00
  633.00
  399.00
    7.00
    4.00
  146.00
  623.00
   70.00
  217.00
   38.00
   11.00
   13.00
  459.00
  881.00
  114.00
   13.00
  125.00
   33.00
    1.00
    1.00
  121.00
    4.00
    6.00
  151.00
  244.00
   58.00
   94.00
  122.00
   13.00
   13.00
  175.00
   33.00
    3.00
   14.00
  289.00
   10.00
    1.00
  386.00
   80.00
    1.00
    8.00
   38.00
   70.00
  214.00
   67.00
    2.00
   11.00
  242.00
    9.00
    2.00
    4.00
    4.00
   10.00
   32.00
    6.00
  264.00
  100.00
   52.00
  292.00
  299.00
   38.00
  267.00
  279.00
   28.00
    4.00
    5.00
    9.00
   86.00
  166.00
    9.00
  580.00
    8.00
   11.00
    5.00
   50.00
  535.00
 1218.00
   87.00
  444.00
  106.00
    3.00
  182.00
  783.00
  247.00
   10.00
  604.00
   89.00
  198.00
  364.00
  630.00
  607.00
  248.00
 1773.00
  657.00
   34.00
   86.00
    1.00
    1.00
  266.00
   58.00
    3.00
   14.00
    9.00
   34.00
    2.00
   73.00
  129.00
  112.00
    2.00
  254.00
  753.00
  657.00
  376.00
   84.00
  184.00
   22.00
    1.00
  194.00
   97.00
  270.00
   18.00
  838.00
   99.00
  136.00
   29.00
   65.00
   74.00
  420.00
  734.00
  902.00
   36.00
  462.00
   15.00
   17.00
  673.00
   97.00
   62.00
  631.00
   11.00
  420.00
  634.00
  136.00
  195.00
   97.00
  125.00
  751.00
   37.00
    4.00
  266.00
    2.00
    3.00
  277.00
  547.00
  322.00
 1335.00
   92.00
    1.00
  643.00
 1179.00
  797.00
  150.00
  177.00
    8.00
   36.00
 1482.00
    7.00
 1247.00
  182.00
  608.00
  794.00
  776.00
  179.00
  293.00
   87.00
 1405.00
   20.00
 2383.00
   21.00
    9.00
   14.00
   23.00
  322.00
  454.00
  275.00
  518.00
  348.00
  231.00
  126.00
  413.00
  400.00
 1762.00
    1.00
 1243.00
   17.00
  529.00
  189.00
   37.00
 1092.00
 1180.00
  154.00
   19.00
  433.00
  171.00
  748.00
   15.00
  330.00
  150.00
   34.00
    6.00
  440.00
    4.00
  309.00
  615.00
   43.00
  831.00
  100.00
  306.00
  524.00
  230.00
  579.00
  216.00
   73.00
  382.00
   42.00
  304.00
  165.00
   14.00
   98.00
  699.00
   56.00
    6.00
  124.00
   25.00
  751.00
   29.00
  222.00
  930.00
    6.00
  176.00
  536.00
   68.00
   23.00
    8.00
   19.00
   47.00
  113.00
  127.00
  872.00
  366.00
  120.00
   14.00
  183.00
  189.00
  329.00
    5.00
  121.00
  386.00
  487.00
  218.00
   29.00
  895.00
   27.00
   19.00
  202.00
   77.00
  501.00
  361.00
  422.00
 1157.00
  625.00
  676.00
  704.00
  436.00
  291.00
   33.00
 1226.00
  413.00
  742.00
  572.00
    9.00
   15.00
  264.00
    1.00
  161.00
  159.00
    6.00
   50.00
    4.00
   34.00
   29.00
    4.00
    2.00
 1008.00
  118.00
  412.00
   47.00
   47.00
  194.00
  311.00
   42.00
    2.00
  982.00
   44.00
  154.00
  615.00
   69.00
  278.00
  462.00
  365.00
  104.00
    7.00
    4.00
  467.00
    2.00
  120.00
  134.00
   19.00
   35.00
   66.00
  449.00
   33.00
   26.00
   55.00
   17.00
  387.00
  368.00
   35.00
  882.00
  197.00
   20.00
  418.00
  538.00
  179.00
  230.00
    6.00
  418.00
    1.00
   15.00
  444.00
  217.00
   10.00
   60.00
   20.00
  165.00
   59.00
   61.00
    1.00
   66.00
   21.00
   33.00
  207.00
   24.00
   32.00
  230.00
    5.00
  121.00
   24.00
   95.00
   26.00
  247.00
   99.00
   61.00
   30.00
   46.00
   15.00
  561.00
    4.00
    6.00
   11.00
  128.00
   46.00
  985.00
  238.00
    6.00
  107.00
    3.00
    8.00
  659.00
   86.00
 1268.00
   16.00
  104.00
   64.00
  178.00
    6.00
   66.00
 1676.00
   58.00
   75.00
  228.00
    4.00
  560.00
  365.00
    6.00
   23.00
   48.00
  676.00
   26.00
    3.00
  157.00
  154.00
   32.00
   28.00
  515.00
  129.00
  119.00
  212.00
  194.00
  211.00
  161.00
  129.00
   89.00
    9.00
  726.00
 1481.00
  262.00
 1588.00
 1030.00
 1371.00
   77.00
 1116.00
  554.00
  178.00
  922.00
   41.00
   19.00
  715.00
  637.00
  852.00
 1103.00
    4.00
 1235.00
  441.00
    4.00
   20.00
  139.00
  701.00
  454.00
  839.00
   73.00
 1373.00
   36.00
  744.00
  153.00
   11.00
  219.00
    7.00
    1.00
  293.00
   85.00
  144.00
    5.00
   34.00
   11.00
  214.00
  114.00
   65.00
   30.00
  100.00
  117.00
  423.00
  212.00
   68.00
   35.00
   39.00
   77.00
  136.00
    8.00
  415.00
   88.00
  191.00
  102.00
   50.00
  110.00
  170.00
  114.00
  139.00
  159.00
  367.00
 1041.00
   98.00
  149.00
  155.00
   94.00
   71.00
   12.00
   13.00
   47.00
  406.00
    5.00
  272.00
  161.00
   59.00
  272.00
    3.00
  576.00
   89.00
 1078.00
 2387.00
  812.00
  659.00
  513.00
  206.00
 1899.00
 1601.00
  394.00
  878.00
 1154.00
    3.00
  931.00
   33.00
   87.00
    4.00
 1794.00
 1927.00
  776.00
    5.00
  348.00
  738.00
  206.00
  514.00
   33.00
    4.00
 1580.00
   16.00
   54.00
  650.00
  101.00
  464.00
  168.00
   28.00
   34.00
   75.00
  192.00
  177.00
  135.00
    5.00
   82.00
   43.00
  104.00
   95.00
  726.00
   46.00
  940.00
  426.00
 2482.00
   94.00
 2703.00
  410.00
  319.00
  876.00
    2.00
  224.00
   20.00
   25.00
   70.00
   15.00
   28.00
  895.00
  685.00
   83.00
  118.00
  176.00
   10.00
   57.00
  149.00
  279.00
  158.00
  644.00
   10.00
  126.00
    7.00
   41.00
  437.00
   21.00
   67.00
   31.00
   37.00
   49.00
  253.00
  669.00
  513.00
  489.00
  329.00
  497.00
  523.00
   33.00
  504.00
    7.00
  237.00
    7.00
  694.00
  551.00
  780.00
  248.00
 2906.00
  391.00
   73.00
   94.00
  252.00
 1056.00
  198.00
  314.00
  175.00
  104.00
  137.00
  556.00
  169.00
  113.00
  137.00
  106.00
  105.00
  435.00
  114.00
  826.00
  156.00
  514.00
   31.00
  383.00
 1062.00
    1.00
  193.00
  471.00
  310.00
  338.00
  274.00
  191.00
  823.00
  571.00
   57.00
  537.00
  857.00
  103.00
  195.00
    7.00
  176.00
  123.00
    2.00
  326.00
  295.00
   83.00
   55.00
  103.00
   69.00
   12.00
  112.00
  255.00
  112.00
   69.00
  224.00
  183.00
  182.00
   30.00
    3.00
  227.00
  651.00
  130.00
  236.00
  182.00
   10.00
   70.00
  185.00
  158.00
  424.00
  126.00
  357.00
    8.00
  125.00
  274.00
  272.00
  384.00
  466.00
  109.00
  304.00
  944.00
  363.00
  391.00
  335.00
  173.00
   10.00
  143.00
  837.00
   58.00
   31.00
  173.00
   36.00
    3.00
  516.00
  101.00
  153.00
   40.00
   15.00
   79.00
   76.00
   83.00
   28.00
   76.00
   60.00
  379.00
   78.00
  115.00
   11.00
   93.00
  271.00
   92.00
  169.00
  133.00
  482.00
   35.00
  132.00
   14.00
   71.00
   94.00
 1022.00
  311.00
  455.00
    4.00
  355.00
   56.00
  328.00
  114.00
 1652.00
 1639.00
   98.00
   10.00
  183.00
   10.00
  302.00
   64.00
   53.00
   64.00
   13.00
  104.00
  821.00
   39.00
  125.00
  168.00
  152.00
  171.00
   97.00
   68.00
   90.00
  232.00
   92.00
   54.00
  191.00
  828.00
  515.00
   72.00
   53.00
 1051.00
   37.00
    1.00
  204.00
  163.00
  289.00
  225.00
    7.00
   11.00
  330.00
  307.00
  202.00
  338.00
  308.00
  837.00
   53.00
   54.00
   75.00
  208.00
  143.00
   42.00
   87.00
  159.00
  156.00
   10.00
  169.00
  133.00
   86.00
   44.00
  178.00
   56.00
 1224.00
   16.00
  317.00
  238.00
   46.00
  213.00
 1612.00
   29.00
   13.00
    1.00
   11.00
   17.00
  241.00
  122.00
   25.00
  217.00
   75.00
   99.00
  927.00
  124.00
   29.00
  336.00
  214.00
    5.00
  145.00
    7.00
   88.00
   53.00
   78.00
    3.00
  312.00
   41.00
   25.00
  203.00
  221.00
   69.00
   37.00
    2.00
  186.00
  468.00
  309.00
  225.00
  223.00
   28.00
   13.00
  318.00
  121.00
  660.00
  318.00
   41.00
  503.00
    2.00
 1175.00
  514.00
  211.00
  720.00
   37.00
  240.00
    4.00
  109.00
 1719.00
   22.00
  249.00
   20.00
  198.00
  318.00
  833.00
  546.00
   64.00
  146.00
  698.00
  468.00
  800.00
    2.00
   72.00
 1886.00
  282.00
  292.00
  229.00
  158.00
  319.00
   30.00
    6.00
   78.00
    1.00
   59.00
   13.00
 1661.00
    8.00
   97.00
  279.00
  192.00
   29.00
   94.00
   19.00
  340.00
   21.00
  243.00
  828.00
    4.00
  337.00
   47.00
   77.00
   96.00
    1.00
   47.00
  156.00
   53.00
   39.00
  982.00
    4.00
  145.00
   20.00
   80.00
   66.00
    1.00
   75.00
   89.00
   23.00
   58.00
   66.00
   32.00
   12.00
  193.00
  230.00
 1719.00
   56.00
   25.00
   27.00
  209.00
   23.00
    9.00
  148.00
   72.00
   28.00
   26.00
  237.00
   28.00
   73.00
    2.00
  594.00
  220.00
   92.00
  318.00
   88.00
  877.00
   15.00
  144.00
   31.00
  163.00
  201.00
   45.00
    1.00
 1079.00
  189.00
   28.00
  197.00
   22.00
  977.00
   12.00
  100.00
   57.00
   37.00
   60.00
   13.00
   77.00
    6.00
   74.00
    4.00
   57.00
   14.00
    3.00
  103.00
  136.00
   39.00
  122.00
    7.00
  126.00
   39.00
   27.00
   62.00
   60.00
  202.00
   94.00
   42.00
    1.00
   14.00
 1807.00
   52.00
   15.00
   54.00
  137.00
   39.00
  603.00
   79.00
    3.00
  339.00
  103.00
   54.00
   36.00
    7.00
    7.00
    5.00
   47.00
  224.00
    2.00
  193.00
    4.00
    4.00
   99.00
  296.00
   97.00
  151.00
  155.00
  147.00
   10.00
    2.00
  261.00
  615.00
   13.00
   27.00
   10.00
   24.00
  373.00
   60.00
 1735.00
  137.00
  891.00
    2.00
 1254.00
   10.00
  260.00
  183.00
   59.00
  103.00
  113.00
   24.00
   17.00
  104.00
  435.00
   42.00
   21.00
  965.00
  514.00
   79.00
  922.00
    7.00
  214.00
  593.00
    5.00
    5.00
  160.00
   90.00
   56.00
   54.00
  167.00
  415.00
  251.00
  485.00
 1075.00
   50.00
  402.00
   25.00
   46.00
   40.00
   60.00
  296.00
  166.00
   36.00
   80.00
   36.00
   15.00
   80.00
   29.00
    9.00
   24.00
   54.00
    1.00
   26.00
  381.00
  310.00
  147.00
    2.00
  116.00
  158.00
  617.00
  291.00
  483.00
   64.00
    1.00
   86.00
  213.00
    7.00
    3.00
   17.00
   23.00
  461.00
   28.00
   16.00
   70.00
  125.00
   13.00
  460.00
   45.00
  529.00
  615.00
  609.00
  673.00
  144.00
   39.00
  112.00
    5.00
    1.00
  634.00
  616.00
  557.00
    8.00
    5.00
    1.00
  431.00
  678.00
  278.00
   98.00
  152.00
 1263.00
  418.00
    4.00
  224.00
  864.00
  205.00
   24.00
  193.00
  561.00
  260.00
 2425.00
  218.00
   89.00
   10.00
  442.00
   19.00
    1.00
   63.00
 1065.00
  104.00
   44.00
  431.00
  481.00
 2104.00
   88.00
  170.00
  133.00
   67.00
  169.00
  429.00
  261.00
  666.00
  208.00
    6.00
 2720.00
  240.00
    4.00
    7.00
   11.00
  169.00
  177.00
   37.00
   55.00
  554.00
   55.00
  139.00
  137.00
  626.00
  615.00
    5.00
    8.00
   54.00
    1.00
  290.00
  513.00
  491.00
   44.00
  112.00
  355.00
  553.00
 2450.00
  505.00
  269.00
  140.00
  317.00
  213.00
  381.00
   33.00
  883.00
  629.00
 1125.00
 1815.00
    2.00
  510.00
   13.00
  466.00
   57.00
   28.00
   34.00
    5.00
   19.00
 2385.00
  303.00
  619.00
  447.00
    3.00
  865.00
  333.00
  193.00
  917.00
  192.00
  329.00
  235.00
  440.00
  115.00
  442.00
    1.00
  108.00
  302.00
    6.00
  778.00
   93.00
  106.00
  344.00
   67.00
  589.00
  323.00
   55.00
   36.00
    2.00
   18.00
 1651.00
 3001.00
 1851.00
    4.00
   47.00
   53.00
  464.00
   10.00
   22.00
   90.00
    9.00
   25.00
    1.00
  335.00
  125.00
  476.00
  106.00
    1.00
  326.00
   82.00
  105.00
  152.00
   97.00
  231.00
  324.00
    1.00
   65.00
  508.00
  715.00
  622.00
  294.00
  450.00
    1.00
  223.00
  635.00
  388.00
   60.00
 3210.00
  270.00
  128.00
   69.00
  293.00
  223.00
  165.00
   11.00
    6.00
  362.00
  334.00
  715.00
 2311.00
  250.00
   51.00
  528.00
   16.00
    8.00
  132.00
  289.00
  238.00
 1632.00
  293.00
  300.00
  311.00
   49.00
 1126.00
  356.00
  804.00
  762.00
  704.00
  899.00
  255.00
 1026.00
   18.00
  749.00
   14.00
  109.00
  121.00
  180.00
  342.00
  373.00
    1.00
  506.00
    3.00
 1061.00
  231.00
  171.00
  469.00
  898.00
  744.00
  476.00
  583.00
 1048.00
  930.00
  776.00
  485.00
    6.00
  464.00
   44.00
  721.00
  662.00
   22.00
    4.00
  175.00
   95.00
   36.00
    1.00
   51.00
  107.00
   31.00
  189.00
  111.00
   33.00
   25.00
   21.00
  367.00
  138.00
    3.00
  270.00
   32.00
   83.00
   93.00
   55.00
  263.00
    6.00
 1225.00
  273.00
  190.00
   22.00
  789.00
  587.00
  162.00
  319.00
   15.00
  372.00
 1392.00
  422.00
  121.00
  450.00
 1018.00
    4.00
  178.00
   92.00
 1426.00
   10.00
  707.00
  565.00
  567.00
    9.00
  363.00
    7.00
    4.00
  208.00
   10.00
    2.00
   19.00
  567.00
  174.00
  133.00
  409.00
  323.00
  261.00
  300.00
  517.00
  212.00
   48.00
    2.00
   57.00
   31.00
   15.00
   12.00
   17.00
   23.00
  148.00
   24.00
   10.00
    8.00
   11.00
  205.00
  100.00
   73.00
   42.00
  184.00
  414.00
  152.00
   51.00
   77.00
  145.00
  216.00
  177.00
   73.00
   66.00
   52.00
   40.00
   78.00
  134.00
   10.00
   78.00
   39.00
  292.00
  195.00
  201.00
   29.00
   56.00
   53.00
  124.00
    2.00
  110.00
   59.00
   47.00
   90.00
  168.00
  124.00
   21.00
   10.00
  119.00
  191.00
   40.00
   77.00
  512.00
   54.00
   46.00
  167.00
  124.00
    8.00
  119.00
 1499.00
  266.00
   30.00
  111.00
  207.00
    1.00
   49.00
   26.00
   55.00
  442.00
  262.00
   62.00
  143.00
  433.00
   80.00
   20.00
 1224.00
  391.00
   33.00
   21.00
   53.00
    8.00
 1745.00
  200.00
  107.00
   24.00
   86.00
   71.00
   86.00
  489.00
   43.00
  646.00
   52.00
   54.00
  147.00
   51.00
    3.00
 1932.00
  113.00
    4.00
  101.00
  146.00
  266.00
   50.00
   41.00
  591.00
   19.00
  311.00
  343.00
  275.00
  144.00
  160.00
   77.00
   13.00
   40.00
    6.00
  517.00
  514.00
  156.00
    6.00
  381.00
  316.00
  102.00
    4.00
  985.00
   31.00
   11.00
   23.00
 2618.00
  482.00
    5.00
  102.00
   50.00
   50.00
  404.00
  102.00
  147.00
  199.00
  155.00
  147.00
  204.00
  202.00
   58.00
    5.00
  504.00
  503.00
  126.00
   67.00
  127.00
   80.00
  138.00
   27.00
   14.00
    9.00
   42.00
  168.00
   42.00
   34.00
   59.00
   28.00
  122.00
   32.00
  221.00
  332.00
   23.00
   70.00
   79.00
  103.00
  168.00
  123.00
   84.00
   58.00
   12.00
   17.00
   20.00
  211.00
   77.00
   86.00
  351.00
   17.00
  187.00
   81.00
   43.00
  140.00
   72.00
  184.00
   46.00
   97.00
  114.00
   37.00
   18.00
    3.00
  132.00
    1.00
   59.00
   75.00
   74.00
   18.00
  179.00
   47.00
  133.00
  179.00
   34.00
    8.00
   20.00
   26.00
  268.00
    2.00
  183.00
  112.00
    4.00
  313.00
   90.00
   13.00
  102.00
    3.00
  540.00
  546.00
  130.00
   87.00
   59.00
  111.00
    7.00
   42.00
   41.00
   41.00
  148.00
   16.00
   47.00
  867.00
   61.00
   25.00
    1.00
  142.00
  594.00
   15.00
   97.00
    6.00
   68.00
  221.00
  174.00
   12.00
  343.00
  403.00
    3.00
   19.00
   46.00
  120.00
  150.00
    3.00
  132.00
   95.00
   90.00
   86.00
  968.00
  399.00
    1.00
  113.00
    5.00
   28.00
   50.00
  135.00
   65.00
  125.00
   46.00
  142.00
  183.00
   42.00
  119.00
  267.00
  164.00
 1493.00
   34.00
   26.00
  201.00
  108.00
  135.00
  341.00
   86.00
   92.00
   46.00
    1.00
   66.00
    9.00
  102.00
   36.00
   29.00
   20.00
   93.00
   81.00
  150.00
  124.00
  156.00
  134.00
   30.00
  103.00
  176.00
   87.00
   14.00
  291.00
  399.00
  140.00
  194.00
    1.00
  127.00
   18.00
   44.00
   58.00
    2.00
  170.00
   30.00
   55.00
   44.00
   20.00
    1.00
   61.00
   96.00
  100.00
   35.00
  421.00
  157.00
    1.00
  608.00
  188.00
   39.00
   67.00
   30.00
  159.00
  148.00
   33.00
   65.00
   26.00
   42.00
   20.00
   19.00
   48.00
   53.00
  531.00
   26.00
  676.00
  110.00
   33.00
   79.00
  154.00
    2.00
   40.00
   67.00
   23.00
   47.00
  150.00
   60.00
   12.00
   45.00
  152.00
  112.00
  140.00
  101.00
  113.00
  191.00
  192.00
   40.00
   27.00
   12.00
   20.00
   30.00
    2.00
  109.00
   72.00
   70.00
  115.00
    1.00
   54.00
   50.00
  110.00
  227.00
   12.00
  166.00
  157.00
   72.00
  187.00
   18.00
   59.00
  194.00
   71.00
  128.00
   98.00
    4.00
 1578.00
  226.00
    3.00
    9.00
   44.00
  134.00
  107.00
   40.00
    6.00
   13.00
   28.00
  109.00
  117.00
  102.00
  305.00
  163.00
   37.00
  217.00
   77.00
    8.00
   41.00
  102.00
   45.00
   46.00
  483.00
   69.00
   93.00
   57.00
   85.00
   84.00
   43.00
    1.00
   13.00
   27.00
   34.00
  131.00
   99.00
  124.00
  426.00
   47.00
  273.00
  316.00
   14.00
   28.00
    5.00
   78.00
   10.00
   18.00
  108.00
  134.00
    6.00
   23.00
   48.00
  114.00
   15.00
  138.00
    5.00
  118.00
   12.00
  380.00
   53.00
  196.00
  180.00
   62.00
   50.00
    6.00
  101.00
   19.00
    4.00
    5.00
   24.00
   92.00
  122.00
    6.00
   14.00
   21.00
    8.00
   94.00
   51.00
   11.00
    4.00
  168.00
   62.00
    6.00
  353.00
   55.00
   10.00
   56.00
    6.00
   14.00
  386.00
   98.00
  122.00
  122.00
   83.00
   80.00
   73.00
    9.00
   40.00
    1.00
  519.00
   70.00
  245.00
   89.00
  182.00
   73.00
   49.00
    3.00
  405.00
   82.00
  104.00
  385.00
   73.00
    2.00
   11.00
   20.00
    4.00
  185.00
   25.00
  475.00
   46.00
   18.00
  379.00
   62.00
   26.00
  273.00
  106.00
  171.00
  185.00
  415.00
  118.00
   21.00
  183.00
   55.00
    9.00
  178.00
   73.00
   37.00
   43.00
 5236.00
  209.00
  579.00
  116.00
    4.00
   23.00
   18.00
   67.00
    4.00
   30.00
  327.00
  236.00
 5005.00
   50.00
  109.00
   60.00
  331.00
   22.00
   44.00
   30.00
   40.00
  103.00
   23.00
  195.00
   38.00
   22.00
    1.00
   79.00
  132.00
   66.00
    8.00
   55.00
   85.00
   37.00
  146.00
  678.00
  210.00
   14.00
  266.00
  186.00
   74.00
   11.00
    2.00
    5.00
   12.00
   68.00
    6.00
    2.00
  161.00
   21.00
  142.00
   25.00
   37.00
   87.00
  661.00
  363.00
   74.00
  126.00
   78.00
  150.00
   49.00
    4.00
   22.00
   19.00
   38.00
   65.00
   31.00
  106.00
  139.00
   67.00
   78.00
  100.00
   15.00
    1.00
  137.00
   15.00
   20.00
  190.00
  104.00
   41.00
    3.00
  173.00
   16.00
   65.00
  117.00
  196.00
   67.00
  101.00
   38.00
  176.00
   64.00
   79.00
   46.00
   65.00
   21.00
   38.00
  327.00
   78.00
   29.00
    6.00
   53.00
   45.00
   17.00
   65.00
   54.00
   50.00
    5.00
  129.00
   50.00
   49.00
  214.00
    6.00
    9.00
    1.00
   25.00
   10.00
   35.00
   24.00
   10.00
   17.00
   18.00
  115.00
   50.00
   84.00
    5.00
    9.00
   27.00
    7.00
    4.00
    9.00
   10.00
   13.00
    1.00
    1.00
    5.00
   13.00
  114.00
   86.00
  235.00
  100.00
  101.00
    1.00
  116.00
   56.00
    1.00
   13.00
  192.00
   19.00
  102.00
   54.00
    2.00
  138.00
   35.00
   11.00
  124.00
   11.00
   79.00
  179.00
   26.00
   18.00
   41.00
    1.00
   15.00
   19.00
    4.00
   35.00
   30.00
    1.00
