 1301.00
 2723.00
    4.00
 1682.00
 1413.00
 6487.00
  914.00
        
 1221.00
 5256.00
  462.00
  787.00
  145.00
  214.00
 1209.00
 1933.00
  742.00
 2705.00
 1775.00
 2343.00
  757.00
  107.00
  363.00
   11.00
  671.00
  307.00
 1961.00
  648.00
 3390.00
 3680.00
   87.00
 1813.00
  468.00
  635.00
  306.00
  534.00
  399.00
  624.00
 1718.00
 1524.00
 1809.00
  473.00
  612.00
   22.00
  362.00
 1352.00
  868.00
    7.00
 1838.00
  935.00
 3058.00
  395.00
   66.00
  488.00
  263.00
  687.00
 5991.00
  824.00
        
 1780.00
 3180.00
 2499.00
  938.00
  206.00
  300.00
  198.00
  908.00
  293.00
        
   23.00
        
        
        
        
15042.00
 1879.00
 8878.00
   47.00
 2357.00
   57.00
 1244.00
  601.00
 1980.00
  417.00
        
 6709.00
 9839.00
        
        
        
 2175.00
 7632.00
  128.00
  124.00
 1809.00
  620.00
 5666.00
 1353.00
        
 4226.00
        
11730.00
        
        
  222.00
        
 6115.00
 3788.00
 2078.00
  142.00
        
        
 1424.00
 2056.00
        
  368.00
  312.00
 4329.00
 1182.00
 1460.00
 2887.00
 2247.00
 1292.00
  765.00
 2277.00
  215.00
  595.00
   82.00
  538.00
 1334.00
  470.00
 1166.00
  980.00
  423.00
  530.00
  902.00
  710.00
  697.00
  458.00
  354.00
  839.00
  193.00
 1089.00
  223.00
  329.00
  572.00
 2079.00
  564.00
  346.00
  259.00
  592.00
  838.00
  467.00
 2255.00
 2768.00
  140.00
        
 2999.00
 3068.00
   72.00
        
        
        
        
        
10183.00
 4324.00
  383.00
 1385.00
 5256.00
 2351.00
  163.00
  104.00
 1095.00
   92.00
   83.00
 3468.00
        
        
 3377.00
 1000.00
  421.00
        
  258.00
  685.00
 4673.00
        
 1975.00
 1830.00
 4062.00
 4573.00
 3996.00
 4288.00
 4640.00
 7932.00
 3516.00
 5813.00
 4276.00
 8154.00
 6976.00
 6556.00
 6628.00
 5772.00
 7706.00
 5244.00
 5691.00
        
 6461.00
 4083.00
        
   13.00
        
        
  301.00
  250.00
        
 2361.00
 4950.00
        
 6194.00
 2115.00
 4528.00
 6527.00
 1369.00
  171.00
  486.00
  171.00
        
 4216.00
 8331.00
        
  314.00
   33.00
 4340.00
   53.00
   68.00
        
 1622.00
  101.00
 3189.00
 2298.00
 5349.00
 2125.00
 4006.00
 3713.00
 5489.00
 7339.00
        
 3010.00
   40.00
 2584.00
 5924.00
  441.00
        
 9961.00
 7572.00
        
        
 3399.00
 1685.00
   25.00
  438.00
  305.00
  901.00
        
        
 5244.00
        
 7670.00
  473.00
        
 7144.00
 3028.00
 4906.00
        
 5011.00
        
 6865.00
 2545.00
  213.00
  325.00
  480.00
  345.00
  334.00
  438.00
  240.00
        
 2239.00
  224.00
 2206.00
        
        
 4839.00
  303.00
  201.00
  165.00
        
        
   44.00
 5659.00
  131.00
  681.00
  868.00
  117.00
  756.00
 4446.00
  857.00
        
  140.00
   10.00
  550.00
        
 8244.00
        
 3192.00
 6625.00
 3091.00
 6048.00
 6284.00
  320.00
 7055.00
        
 3604.00
 3283.00
  401.00
 1826.00
        
        
        
        
 1985.00
  310.00
 1077.00
  214.00
        
 2870.00
 2903.00
  296.00
 4820.00
 3540.00
 4584.00
        
 2926.00
 4874.00
 9222.00
  585.00
 5770.00
  725.00
 2170.00
        
        
  128.00
        
        
   87.00
   76.00
  271.00
  630.00
 3732.00
 8219.00
  327.00
 2526.00
  198.00
        
        
        
        
        
    7.00
  525.00
 1130.00
        
 1411.00
 8127.00
 7423.00
  256.00
  880.00
  293.00
        
  705.00
  419.00
 1405.00
  183.00
 9579.00
        
  662.00
 2562.00
 7564.00
11120.00
   23.00
        
 9293.00
 7294.00
        
        
 7378.00
  109.00
 8849.00
 4246.00
 6907.00
 1526.00
  107.00
   75.00
 7509.00
        
 1570.00
        
 5289.00
        
        
  230.00
 4335.00
 5090.00
 3534.00
        
  677.00
        
 6289.00
 1363.00
11127.00
 5802.00
        
  221.00
        
 3926.00
   24.00
 2612.00
 6532.00
        
  304.00
  905.00
 3179.00
 4571.00
  695.00
 3207.00
 2120.00
        
        
        
  456.00
        
 6813.00
        
        
        
   43.00
 4505.00
        
 2589.00
        
  102.00
   32.00
        
        
 4021.00
 3973.00
 3152.00
        
 1017.00
 4457.00
        
 3907.00
        
        
  378.00
  446.00
  390.00
        
        
        
   75.00
 2395.00
  838.00
 2244.00
 3514.00
  214.00
  161.00
   17.00
 5729.00
 2255.00
        
 7220.00
 1088.00
  590.00
        
  743.00
 2077.00
  557.00
  989.00
        
 6008.00
  498.00
 2654.00
        
   32.00
 4367.00
        
        
  199.00
 1498.00
 1238.00
 7370.00
        
  648.00
 2750.00
 5267.00
 1023.00
  166.00
  129.00
  149.00
  172.00
  802.00
 3406.00
  926.00
  188.00
 5789.00
        
 2824.00
 3988.00
 1551.00
  188.00
 1580.00
        
        
  894.00
 1316.00
  706.00
   13.00
  277.00
  728.00
   20.00
  336.00
  610.00
 2507.00
        
  646.00
 4170.00
  902.00
 1638.00
  891.00
 1610.00
        
        
 1795.00
   24.00
 1923.00
        
   16.00
 2661.00
 2022.00
 1002.00
  402.00
 1611.00
 1513.00
 2420.00
  581.00
   84.00
  975.00
  697.00
 1802.00
 1073.00
  296.00
 2263.00
  214.00
 2222.00
        
  655.00
 1630.00
  273.00
  822.00
 1635.00
 1340.00
 1239.00
  913.00
 1987.00
  976.00
 4705.00
  118.00
  837.00
 1781.00
 2034.00
  953.00
  252.00
  978.00
        
  314.00
 3173.00
 2016.00
 1989.00
        
12792.00
  499.00
        
  955.00
  172.00
 1079.00
        
 1368.00
  469.00
 3739.00
 9601.00
        
   82.00
 3220.00
   99.00
12711.00
  577.00
  209.00
 4302.00
  363.00
  703.00
 4783.00
  289.00
 1132.00
 3037.00
 6378.00
 6925.00
  806.00
  218.00
        
  884.00
  732.00
 8225.00
  440.00
  841.00
 2053.00
  712.00
 8817.00
        
        
 8342.00
  234.00
        
 1432.00
  104.00
 6507.00
   44.00
 3724.00
  295.00
 1344.00
 1144.00
  180.00
 1265.00
  117.00
 4384.00
        
  881.00
 1258.00
   15.00
 3010.00
        
13716.00
 2991.00
        
        
        
 1115.00
   88.00
  280.00
 4214.00
  254.00
 1906.00
 1710.00
  280.00
  793.00
 6618.00
 2879.00
 2599.00
 2402.00
        
  467.00
  536.00
 2749.00
 6380.00
 4501.00
   18.00
 4584.00
   23.00
 1652.00
  657.00
 7151.00
  373.00
   19.00
  613.00
  899.00
 4649.00
    5.00
  309.00
  227.00
 1925.00
  336.00
   81.00
   80.00
11189.00
  295.00
  251.00
 1461.00
 2873.00
 1368.00
  300.00
  108.00
 1019.00
 2486.00
 1087.00
  162.00
 2102.00
 1372.00
 1309.00
  319.00
 1081.00
        
  876.00
 1020.00
 1738.00
 1087.00
        
  474.00
  633.00
  205.00
  504.00
  441.00
   16.00
 1187.00
 1573.00
 1790.00
        
  890.00
 2178.00
 1353.00
  519.00
 1885.00
 1481.00
 6487.00
 1352.00
  286.00
 1991.00
 1969.00
 1244.00
 3637.00
  972.00
 3450.00
 1722.00
  772.00
 5311.00
 6278.00
 6533.00
 2043.00
 1100.00
  127.00
  114.00
 1200.00
  357.00
 1204.00
        
 5460.00
  302.00
 1021.00
  209.00
 1399.00
 1990.00
 2103.00
  135.00
        
 1212.00
 1646.00
  754.00
        
  516.00
 1447.00
  823.00
  336.00
  329.00
  239.00
  344.00
 1414.00
 2378.00
 1152.00
  455.00
  965.00
  783.00
  618.00
 1272.00
  292.00
  135.00
  249.00
  309.00
  838.00
 3306.00
  591.00
  172.00
 2891.00
  362.00
  415.00
  566.00
 1134.00
 4026.00
 1963.00
 1874.00
 3347.00
  561.00
 3105.00
 1653.00
        
  457.00
  994.00
        
   71.00
 3549.00
  607.00
 3398.00
 2799.00
  356.00
 1151.00
  105.00
 1981.00
  399.00
 3157.00
 4188.00
        
  166.00
  777.00
        
  662.00
  821.00
 2965.00
        
 1388.00
  151.00
        
 1112.00
  738.00
        
        
        
 1235.00
        
 1398.00
 2229.00
 3227.00
 1160.00
 3782.00
 2767.00
 2192.00
 3757.00
 3452.00
  516.00
        
        
 1464.00
 2531.00
 8447.00
 5719.00
  430.00
 2818.00
 2849.00
  941.00
  272.00
  172.00
        
        
  460.00
  185.00
  303.00
  755.00
        
 4645.00
  538.00
        
 8361.00
  523.00
 3613.00
  278.00
  172.00
  664.00
   22.00
 5011.00
  846.00
        
  304.00
 2300.00
        
 1311.00
 3034.00
  356.00
  753.00
 2643.00
  643.00
 1912.00
  359.00
 4407.00
  434.00
        
 2349.00
        
 2024.00
 1237.00
   15.00
   76.00
  656.00
 2022.00
        
 2666.00
        
   36.00
   66.00
  157.00
        
 1634.00
  706.00
        
        
  140.00
  546.00
  390.00
  881.00
 4458.00
   49.00
 1008.00
   59.00
        
  870.00
  386.00
        
 5178.00
  332.00
 2528.00
 2469.00
 3241.00
  779.00
 2482.00
 1610.00
  140.00
  451.00
        
 1100.00
 3496.00
  938.00
 1576.00
 2096.00
  205.00
  290.00
 1346.00
  618.00
        
        
  464.00
        
  819.00
  989.00
  535.00
        
  479.00
   36.00
  446.00
        
  974.00
        
 1356.00
  144.00
        
 2450.00
 3236.00
        
   20.00
 1252.00
  565.00
  326.00
 3933.00
   56.00
 2396.00
        
 2974.00
  717.00
 4763.00
  251.00
  673.00
 5314.00
  309.00
 1056.00
  339.00
        
   36.00
        
  756.00
  330.00
  901.00
  329.00
  302.00
  290.00
  316.00
  181.00
  392.00
 1862.00
 5569.00
 1286.00
 2486.00
 1172.00
 2183.00
 2760.00
 1560.00
 1753.00
 1521.00
  757.00
 2563.00
  668.00
 4316.00
 5043.00
   72.00
  770.00
        
   38.00
  157.00
   84.00
   57.00
 1162.00
 1032.00
 2850.00
 2834.00
 1075.00
 2714.00
 8547.00
 1641.00
 1786.00
 1011.00
  347.00
  294.00
  205.00
  162.00
 1816.00
   49.00
   81.00
        
  471.00
  529.00
 3349.00
  485.00
        
  104.00
   65.00
 2182.00
 1292.00
        
 2047.00
 1395.00
  481.00
  591.00
  329.00
  466.00
  479.00
        
        
        
  923.00
  576.00
  844.00
 9527.00
  256.00
   94.00
  291.00
  405.00
  792.00
  589.00
  220.00
  381.00
  372.00
 9314.00
   47.00
  407.00
 1051.00
  506.00
  528.00
   94.00
 2548.00
  128.00
  457.00
  627.00
  406.00
        
        
  167.00
 2726.00
        
 1467.00
 2079.00
 6640.00
  249.00
 2477.00
 5712.00
 7421.00
  461.00
  703.00
  103.00
  904.00
  283.00
  413.00
  391.00
16469.00
 1138.00
 3101.00
  389.00
 2408.00
  948.00
        
        
  907.00
   71.00
  519.00
 1262.00
  493.00
 1308.00
  258.00
  558.00
        
 2653.00
  421.00
  911.00
        
 2023.00
  769.00
  250.00
  141.00
   93.00
   88.00
   56.00
 3392.00
        
  239.00
  714.00
  725.00
  896.00
 1568.00
 1041.00
  145.00
 1258.00
  363.00
 3256.00
   84.00
  697.00
  900.00
  447.00
  355.00
  238.00
 2550.00
 1715.00
  450.00
 9831.00
        
 2135.00
 5700.00
  976.00
 5248.00
  334.00
  682.00
  346.00
  102.00
  258.00
  452.00
  384.00
        
        
  199.00
        
 1041.00
  499.00
  351.00
  257.00
 1206.00
  367.00
  266.00
  217.00
 1541.00
        
 2760.00
  210.00
  507.00
        
  897.00
  905.00
  466.00
 1024.00
  196.00
 1532.00
 3755.00
  342.00
   60.00
        
  531.00
 3725.00
 2299.00
        
  441.00
 1072.00
  401.00
  977.00
        
 3144.00
  544.00
   35.00
  723.00
  306.00
 5323.00
  180.00
        
  972.00
  283.00
 3587.00
        
  659.00
  898.00
  572.00
  446.00
 1793.00
 1972.00
  965.00
 3401.00
  106.00
 1563.00
  268.00
  842.00
  235.00
  393.00
   79.00
 1966.00
  770.00
  543.00
        
  480.00
  889.00
  619.00
  297.00
  274.00
 4388.00
  261.00
   36.00
        
  465.00
 2089.00
        
  325.00
   72.00
 4698.00
  185.00
  263.00
  420.00
  468.00
  163.00
 1089.00
  104.00
  320.00
        
  281.00
  106.00
        
  914.00
 5868.00
 1167.00
  959.00
  304.00
  421.00
 1967.00
  987.00
 2218.00
   87.00
 2105.00
  355.00
 1562.00
 1832.00
  151.00
  142.00
        
 2004.00
  167.00
  255.00
  350.00
  280.00
  127.00
   36.00
  354.00
  794.00
        
  582.00
 4166.00
 1284.00
  834.00
  847.00
 3336.00
  276.00
  239.00
   91.00
  138.00
  142.00
 1609.00
  915.00
  400.00
        
  118.00
        
  470.00
        
  498.00
   78.00
 1090.00
  488.00
 1024.00
  790.00
  953.00
 1548.00
  612.00
  475.00
  404.00
 2730.00
  341.00
  282.00
 1001.00
  364.00
   95.00
  298.00
 2422.00
 2462.00
  326.00
  198.00
  225.00
 1935.00
 4647.00
        
 1613.00
  979.00
  227.00
 1154.00
  102.00
  511.00
 4309.00
  948.00
  325.00
  871.00
 1987.00
 1457.00
  426.00
  451.00
        
 1380.00
 2360.00
  437.00
 2739.00
 1659.00
        
  999.00
 5447.00
        
 2725.00
 6546.00
  516.00
 1159.00
 7578.00
 1741.00
  523.00
  113.00
  303.00
 4423.00
        
        
 2253.00
  585.00
  262.00
  133.00
        
 3944.00
        
 1228.00
  894.00
   63.00
  419.00
        
  463.00
 1347.00
        
  572.00
  474.00
        
  466.00
  566.00
  155.00
  528.00
   52.00
 1003.00
  577.00
  572.00
 1143.00
 1213.00
  915.00
  201.00
        
 2502.00
  142.00
 5744.00
  852.00
 2602.00
 3116.00
 3591.00
  258.00
 1637.00
  163.00
  617.00
        
  901.00
  516.00
  345.00
 1137.00
  616.00
  614.00
        
  545.00
 1263.00
 1227.00
  338.00
  425.00
        
  929.00
  431.00
 4753.00
        
   35.00
  795.00
 2702.00
   90.00
  585.00
    2.00
  610.00
   23.00
 2910.00
  135.00
 6014.00
 3286.00
 2125.00
  465.00
  717.00
 1105.00
  339.00
        
        
 2977.00
  629.00
        
 3480.00
  144.00
  674.00
  543.00
 1844.00
  201.00
  129.00
        
        
        
  348.00
  430.00
  548.00
 2614.00
  575.00
 3892.00
 2294.00
  241.00
  160.00
        
 1761.00
 3175.00
  279.00
 1308.00
        
 2150.00
        
  450.00
  180.00
  758.00
  703.00
 2028.00
 2411.00
  723.00
 1318.00
 1385.00
  673.00
 1086.00
  787.00
 1548.00
  433.00
  225.00
  606.00
  960.00
 1256.00
  514.00
  477.00
  452.00
  802.00
  611.00
  544.00
 1489.00
 2504.00
  652.00
 1099.00
        
        
 5453.00
 1900.00
  142.00
  143.00
        
  362.00
 2099.00
 2763.00
        
  795.00
 4529.00
 3732.00
  315.00
  540.00
  450.00
   67.00
 1139.00
 4844.00
 5314.00
   69.00
 5934.00
  954.00
  223.00
 2468.00
  427.00
 7633.00
 2818.00
  483.00
 1094.00
  762.00
 4479.00
  320.00
 4186.00
  848.00
  319.00
  323.00
 6949.00
 9083.00
 1396.00
 1830.00
 1792.00
 2410.00
 1260.00
  890.00
 1971.00
 1422.00
  784.00
 2352.00
 1331.00
  881.00
 6448.00
 4514.00
  374.00
  120.00
   58.00
 2506.00
 6760.00
  647.00
 1289.00
  929.00
  865.00
  252.00
        
        
 3572.00
13758.00
 5284.00
  508.00
 4969.00
        
   43.00
 1392.00
 1123.00
 4280.00
   21.00
  826.00
 1529.00
  809.00
 1678.00
  201.00
 1053.00
        
 1866.00
  552.00
  834.00
  642.00
 1708.00
  193.00
 1905.00
  160.00
 3075.00
  562.00
 1366.00
  654.00
  557.00
        
 2435.00
  718.00
 2403.00
  574.00
  683.00
        
  606.00
 1429.00
 3808.00
        
        
  305.00
  703.00
 1274.00
 9560.00
 1058.00
  270.00
  172.00
 3963.00
   84.00
   74.00
 3287.00
  585.00
  569.00
 2028.00
 2783.00
  184.00
  236.00
 4145.00
  483.00
 1658.00
   84.00
 1128.00
   41.00
   56.00
  458.00
  187.00
 2364.00
  584.00
 1993.00
 5496.00
  493.00
  577.00
  846.00
  273.00
  919.00
 1730.00
   52.00
 1226.00
 1804.00
 2286.00
 3470.00
        
  373.00
  529.00
 1646.00
 1092.00
 2455.00
        
 3960.00
  649.00
  603.00
  164.00
  796.00
   72.00
 1238.00
  865.00
 1028.00
 1774.00
 3566.00
 2537.00
 3458.00
 1361.00
 2140.00
 1503.00
  333.00
 1084.00
 3869.00
        
  562.00
  710.00
  885.00
 3148.00
 4002.00
 1636.00
 3098.00
 3108.00
  389.00
   27.00
  931.00
 3247.00
  295.00
        
   36.00
  564.00
        
        
        
  270.00
  212.00
  123.00
  136.00
   77.00
  106.00
  203.00
  375.00
 2958.00
   62.00
  614.00
   39.00
        
  169.00
        
  885.00
  242.00
 1874.00
  475.00
 1263.00
 1833.00
        
  623.00
  533.00
  447.00
        
 4312.00
  467.00
  632.00
  253.00
 1990.00
        
  257.00
   25.00
        
 1227.00
 2217.00
  592.00
        
 2097.00
 1513.00
  839.00
  398.00
        
   84.00
 1181.00
  220.00
  581.00
  239.00
 1900.00
   25.00
  651.00
 1571.00
 6981.00
 2457.00
 1471.00
 2442.00
 2046.00
        
 1496.00
 2123.00
  192.00
  276.00
 1745.00
   56.00
 1512.00
  770.00
   72.00
  509.00
   90.00
 2954.00
 4409.00
  258.00
  126.00
  254.00
 2161.00
 2425.00
        
  576.00
  969.00
        
  340.00
 1651.00
  305.00
 2415.00
 5666.00
 1113.00
  600.00
        
 1914.00
 1054.00
  425.00
  376.00
  337.00
  341.00
  547.00
  163.00
  204.00
  398.00
  174.00
   44.00
  957.00
  843.00
   73.00
   92.00
  557.00
  301.00
  666.00
  126.00
  332.00
  669.00
 3167.00
 3377.00
  426.00
  313.00
  215.00
  364.00
  125.00
  196.00
  106.00
 2795.00
  685.00
  486.00
 1248.00
  231.00
  354.00
   98.00
  357.00
        
 1403.00
        
  168.00
 4469.00
 1046.00
  180.00
   34.00
 3192.00
        
   49.00
        
  547.00
 4994.00
 3012.00
  527.00
    4.00
  360.00
 4859.00
  269.00
        
  275.00
  920.00
  778.00
  177.00
        
12583.00
  420.00
  193.00
 5749.00
 3487.00
 1303.00
        
  151.00
 2930.00
 1526.00
  456.00
  215.00
 1120.00
  458.00
        
        
  127.00
   24.00
  344.00
  647.00
 3733.00
 1523.00
  375.00
 1327.00
 1352.00
  350.00
  287.00
  390.00
  826.00
  720.00
  689.00
  381.00
  564.00
  301.00
   23.00
   56.00
   16.00
 3309.00
 5449.00
 1235.00
        
  706.00
 4807.00
 3643.00
  410.00
 4298.00
  520.00
 3068.00
 1454.00
  685.00
  603.00
 4230.00
 1207.00
  399.00
  777.00
  697.00
 2631.00
 2959.00
  273.00
 2795.00
 1674.00
 3368.00
 3124.00
 4052.00
 1294.00
 3995.00
        
 1756.00
 3778.00
 2111.00
        
 1330.00
  186.00
 1728.00
 1431.00
 1174.00
 7875.00
 2153.00
  695.00
  359.00
 1598.00
  393.00
 2835.00
  624.00
 1922.00
   41.00
        
 1629.00
 3866.00
        
 2598.00
 6007.00
  239.00
 2519.00
 1884.00
 1116.00
 1210.00
  211.00
  811.00
  650.00
  291.00
  678.00
  348.00
  154.00
 4894.00
  671.00
  427.00
  296.00
 3548.00
  522.00
  369.00
 4072.00
  974.00
        
  127.00
        
  209.00
  219.00
  695.00
  867.00
  412.00
 1539.00
 1278.00
  256.00
  268.00
  250.00
        
        
  576.00
  107.00
  132.00
  465.00
        
  607.00
  657.00
 1641.00
   21.00
   29.00
  128.00
  324.00
  305.00
  516.00
        
 1879.00
  161.00
  214.00
  350.00
  346.00
  110.00
   18.00
  885.00
   52.00
 1584.00
  324.00
  370.00
        
  876.00
  748.00
        
        
  777.00
  231.00
 2127.00
  611.00
  207.00
  226.00
 3794.00
        
 1307.00
   89.00
  581.00
 2933.00
 5658.00
 3299.00
 3644.00
 4447.00
 3825.00
        
 2464.00
 4438.00
 4202.00
 8830.00
 6261.00
 2652.00
 2473.00
 5329.00
 4762.00
 6270.00
        
 2642.00
  554.00
  943.00
        
  671.00
 1417.00
 3034.00
    3.00
  220.00
  404.00
 4362.00
 2809.00
 3224.00
  417.00
 2253.00
  865.00
        
 1720.00
  494.00
  448.00
   77.00
 1449.00
  312.00
  594.00
 2130.00
  401.00
 4554.00
   60.00
  897.00
   58.00
 2217.00
 1603.00
  142.00
 1268.00
   43.00
  125.00
   87.00
   28.00
  483.00
        
  436.00
  913.00
 1612.00
 5208.00
  109.00
  194.00
        
        
   32.00
        
  861.00
  101.00
  563.00
  328.00
 1660.00
  697.00
  670.00
   28.00
 2102.00
   29.00
    5.00
   22.00
  171.00
  122.00
 2120.00
  854.00
 2396.00
 1019.00
 6372.00
  756.00
   31.00
  482.00
        
 6666.00
  646.00
  919.00
 2333.00
        
        
        
 6551.00
 2393.00
  874.00
  523.00
        
 1456.00
  639.00
  213.00
  849.00
    9.00
   47.00
 3464.00
 2100.00
 2336.00
  364.00
  326.00
  566.00
  167.00
 1281.00
  520.00
   56.00
   54.00
    1.00
   17.00
   23.00
   39.00
   72.00
 1529.00
  383.00
  280.00
 3560.00
 1438.00
        
 2111.00
        
  605.00
 1129.00
  129.00
  612.00
  893.00
  848.00
   55.00
  385.00
 1541.00
        
   31.00
  937.00
   30.00
  716.00
  353.00
 1054.00
        
        
  119.00
  865.00
   56.00
 6081.00
  215.00
  653.00
 1563.00
 1482.00
 1297.00
 1162.00
 2068.00
 1473.00
 3842.00
 2880.00
 5361.00
 4785.00
  503.00
  837.00
 2051.00
 2938.00
 1807.00
 1552.00
 1409.00
 1768.00
 1732.00
 2201.00
 1174.00
 1167.00
        
 1237.00
 1692.00
        
 3733.00
  466.00
        
  114.00
 3962.00
  216.00
    6.00
        
 2102.00
 1557.00
   65.00
  223.00
  546.00
        
  958.00
  585.00
        
  449.00
  289.00
 1262.00
  845.00
  131.00
  709.00
  214.00
 1052.00
  589.00
   19.00
  172.00
  383.00
 4941.00
  233.00
   26.00
   43.00
   42.00
   73.00
   22.00
  816.00
   74.00
   56.00
 1399.00
  389.00
  721.00
 3873.00
 3662.00
  372.00
  956.00
  576.00
  264.00
  614.00
  740.00
  237.00
  743.00
  192.00
 2809.00
 1301.00
 6335.00
  620.00
  431.00
 2643.00
   63.00
 2923.00
 5028.00
  597.00
  740.00
 1859.00
 1806.00
 1232.00
  510.00
 1764.00
 2390.00
 5475.00
 1555.00
  907.00
 1363.00
 4593.00
 1507.00
 2557.00
  896.00
 2514.00
  366.00
  926.00
 4489.00
  799.00
 1120.00
   19.00
 1077.00
 1019.00
  794.00
   30.00
  333.00
 1995.00
  275.00
 1411.00
  627.00
  480.00
  358.00
  403.00
  517.00
  438.00
  671.00
  597.00
  744.00
  189.00
 1250.00
  526.00
  169.00
  962.00
 1534.00
 2265.00
  959.00
 4949.00
 5580.00
 4354.00
 1905.00
  232.00
 5888.00
  459.00
 3616.00
  105.00
  257.00
 1908.00
  367.00
   72.00
 1012.00
 2640.00
  608.00
 1006.00
  578.00
   64.00
  721.00
 1004.00
 1260.00
 2690.00
  576.00
  238.00
  552.00
 1939.00
  773.00
  205.00
 1835.00
  945.00
 2159.00
  918.00
 2795.00
  569.00
 1544.00
 1237.00
 8663.00
  304.00
 1586.00
 1456.00
 1291.00
  915.00
  478.00
    9.00
 1509.00
 2505.00
  553.00
 1257.00
  707.00
  115.00
  336.00
  313.00
   56.00
  583.00
  468.00
        
 1086.00
 3091.00
  813.00
  492.00
 3427.00
  498.00
   73.00
   96.00
  211.00
  224.00
  229.00
  183.00
   24.00
  151.00
        
  242.00
 5917.00
  730.00
   23.00
   85.00
   67.00
  810.00
   39.00
   96.00
  996.00
  573.00
  351.00
   84.00
  948.00
 3893.00
  221.00
  835.00
 1058.00
  906.00
 1443.00
  854.00
  126.00
  138.00
  252.00
   73.00
 5595.00
 3050.00
 1442.00
 1491.00
  436.00
 1199.00
  154.00
        
   92.00
 3087.00
  297.00
  454.00
        
 7018.00
 7761.00
  186.00
 1994.00
  333.00
  694.00
 1335.00
  104.00
 1295.00
  325.00
  894.00
 1739.00
  115.00
   74.00
        
        
        
  429.00
  391.00
 3007.00
   32.00
  114.00
  799.00
  808.00
  314.00
  601.00
  243.00
 1135.00
  617.00
  596.00
  419.00
 5286.00
  392.00
  473.00
  236.00
  377.00
 3054.00
 1186.00
  214.00
  139.00
 5691.00
  469.00
  757.00
   87.00
  447.00
 1822.00
  364.00
        
 1180.00
  757.00
 3584.00
  148.00
  208.00
  634.00
  598.00
  593.00
  877.00
  607.00
  237.00
   71.00
 1256.00
  806.00
  536.00
        
 1921.00
  855.00
        
   43.00
        
  421.00
        
  750.00
  330.00
  619.00
  711.00
  750.00
 1263.00
 9317.00
  316.00
  563.00
  566.00
  756.00
 5001.00
  529.00
   84.00
  520.00
  835.00
 7210.00
        
   18.00
  140.00
   33.00
 1750.00
  648.00
   64.00
 1344.00
 4366.00
   44.00
   88.00
   51.00
   31.00
  103.00
  135.00
  112.00
   72.00
  247.00
  207.00
  195.00
 3785.00
  385.00
  621.00
 1049.00
   26.00
 1099.00
 1023.00
 5722.00
        
   27.00
        
  100.00
  316.00
        
  617.00
  303.00
   97.00
  619.00
  845.00
  157.00
  537.00
        
  531.00
  522.00
 3735.00
  286.00
 1390.00
  188.00
 3590.00
  445.00
  271.00
  369.00
 1290.00
  937.00
 4088.00
 1152.00
 1011.00
  689.00
 1107.00
   95.00
  719.00
  883.00
        
 2288.00
 2004.00
  874.00
  673.00
        
  462.00
        
  475.00
 4603.00
 1848.00
  554.00
 4023.00
  718.00
 5374.00
 1399.00
  740.00
        
 1290.00
 3558.00
  204.00
  340.00
  995.00
 1198.00
   89.00
 1260.00
 5552.00
        
  893.00
 2426.00
  621.00
 1423.00
 1691.00
 2927.00
 2951.00
 1098.00
        
  451.00
 1252.00
   52.00
  627.00
  190.00
 3686.00
  601.00
  528.00
 4125.00
  277.00
   18.00
 3041.00
  171.00
        
  143.00
        
 1644.00
   58.00
 5530.00
 5447.00
  189.00
  477.00
 6878.00
 6807.00
  913.00
  435.00
 1511.00
        
 1382.00
 1000.00
  906.00
  869.00
  338.00
  297.00
        
        
  621.00
 1535.00
    8.00
        
   75.00
  652.00
 6475.00
  640.00
  439.00
  490.00
        
  133.00
  118.00
 1266.00
        
  900.00
  201.00
  583.00
  709.00
        
        
 2661.00
  279.00
  388.00
  958.00
 4672.00
        
 1776.00
  474.00
 2163.00
        
   56.00
  675.00
 1467.00
  403.00
  305.00
  387.00
  424.00
  530.00
        
 2068.00
        
   26.00
   66.00
 4015.00
  597.00
  653.00
        
  231.00
 3822.00
   92.00
  162.00
 1579.00
 1988.00
  631.00
 1950.00
  600.00
  140.00
   90.00
        
  681.00
 1069.00
  406.00
  760.00
   42.00
  653.00
  498.00
  570.00
 7037.00
  336.00
   92.00
  552.00
   43.00
        
  680.00
 3854.00
  302.00
  238.00
  487.00
  479.00
  710.00
 3017.00
  381.00
 1321.00
  567.00
  637.00
  290.00
        
  117.00
  497.00
 3544.00
  136.00
 1249.00
        
        
  629.00
 1565.00
        
        
 2696.00
  429.00
   34.00
  449.00
 1002.00
  659.00
  189.00
 1359.00
  780.00
   36.00
 1949.00
  567.00
 3548.00
  145.00
  511.00
  517.00
  628.00
  603.00
        
   26.00
 4694.00
        
        
  534.00
 1304.00
        
        
  313.00
  301.00
  263.00
  496.00
  402.00
 1709.00
  428.00
 1000.00
  820.00
  553.00
  395.00
  415.00
  636.00
 7353.00
  362.00
  566.00
 1234.00
  431.00
  534.00
   97.00
  414.00
  162.00
        
   59.00
   92.00
 2861.00
  821.00
  607.00
  260.00
        
  573.00
 5025.00
  596.00
  595.00
  947.00
 4700.00
  256.00
   98.00
        
 1140.00
        
   98.00
 1032.00
 2010.00
        
        
  248.00
        
 1111.00
   84.00
  223.00
  494.00
 1563.00
  526.00
        
 1256.00
  625.00
  151.00
 2186.00
 2279.00
   58.00
  408.00
  693.00
  426.00
  595.00
   39.00
 7115.00
        
  378.00
        
  143.00
  120.00
  174.00
  183.00
  212.00
        
  540.00
  413.00
 1940.00
  428.00
  445.00
 3623.00
        
  445.00
        
 2468.00
 1003.00
  732.00
   59.00
  233.00
   27.00
 1414.00
        
  100.00
 1753.00
  864.00
 2818.00
        
  889.00
 1100.00
 2136.00
 7789.00
 3649.00
  538.00
 1216.00
  542.00
   88.00
 1010.00
  296.00
  588.00
  922.00
  950.00
  978.00
  955.00
  245.00
 3164.00
  310.00
  700.00
  605.00
 4353.00
   90.00
  238.00
  174.00
  333.00
  187.00
  449.00
  209.00
 1919.00
   21.00
 1275.00
  708.00
        
 3902.00
 1827.00
  853.00
  688.00
        
        
 3827.00
  346.00
  448.00
  623.00
  913.00
 1538.00
  400.00
  950.00
  628.00
 5519.00
  452.00
  353.00
  427.00
  147.00
 2795.00
  973.00
 1706.00
        
  506.00
 1814.00
 1165.00
 2850.00
 4027.00
  314.00
  271.00
 1374.00
  419.00
 1976.00
  514.00
 1215.00
  130.00
 1125.00
  291.00
  650.00
  691.00
  386.00
  569.00
  188.00
        
  939.00
  306.00
  250.00
  601.00
 3399.00
  235.00
  377.00
   73.00
 1205.00
 2441.00
  621.00
   25.00
  185.00
 2695.00
  270.00
 1384.00
  429.00
  298.00
  629.00
 2543.00
  390.00
        
 1015.00
 1839.00
        
  401.00
  759.00
   99.00
 1185.00
 3353.00
   59.00
        
  124.00
   90.00
  539.00
   88.00
 1611.00
   51.00
  217.00
  618.00
   66.00
  223.00
  778.00
  336.00
 1315.00
  625.00
  341.00
  379.00
        
  142.00
 3817.00
        
  112.00
 5913.00
        
  402.00
 1866.00
        
 2780.00
   68.00
  448.00
 2192.00
 4069.00
  426.00
 3263.00
  779.00
        
  407.00
 2937.00
 5043.00
 1990.00
   68.00
 2054.00
 2737.00
  229.00
  321.00
 1913.00
  407.00
 1392.00
 1857.00
 2568.00
 2229.00
        
   86.00
 1280.00
 3261.00
 3599.00
        
 1967.00
 1989.00
   48.00
  804.00
  451.00
11824.00
        
  339.00
   23.00
        
        
 3547.00
 1166.00
 6077.00
        
   46.00
 1017.00
 4942.00
 2427.00
 7656.00
 2514.00
  738.00
  408.00
 3697.00
 2281.00
  308.00
  573.00
  112.00
   41.00
        
  375.00
 2479.00
 1543.00
        
  436.00
        
  904.00
 4460.00
 4097.00
 7295.00
        
        
        
  731.00
  443.00
  800.00
 1111.00
        
  570.00
 2259.00
 1848.00
  796.00
        
14803.00
 3297.00
        
 6582.00
  597.00
  366.00
  340.00
 1364.00
        
        
  182.00
  107.00
  183.00
  170.00
   64.00
 1804.00
 2116.00
  661.00
 1287.00
 2166.00
 1162.00
 1294.00
  639.00
        
  633.00
  508.00
  782.00
 1248.00
 2175.00
  612.00
 1337.00
 1383.00
  161.00
 3150.00
 2559.00
14469.00
 5722.00
 7294.00
  773.00
  275.00
        
 1098.00
  502.00
 3839.00
 3469.00
  628.00
 1885.00
   65.00
 1919.00
  729.00
  983.00
 6937.00
        
 1179.00
 2755.00
  471.00
 4088.00
 6416.00
 7798.00
  368.00
  663.00
 3707.00
        
 1659.00
        
 1696.00
  565.00
  405.00
 3514.00
 7163.00
  190.00
        
   81.00
  731.00
 2488.00
13752.00
 1183.00
        
  332.00
        
 4189.00
  868.00
 2108.00
  622.00
 9648.00
 6572.00
 9741.00
 2995.00
 4218.00
 1304.00
        
 2240.00
  391.00
        
  456.00
  728.00
 7242.00
        
 1864.00
 7036.00
  452.00
 2057.00
  677.00
        
  982.00
  555.00
        
 3658.00
 1284.00
  919.00
  281.00
 1683.00
 2066.00
 1599.00
 1976.00
  495.00
 5432.00
  558.00
  303.00
  750.00
        
 3042.00
  137.00
  158.00
  641.00
   80.00
        
 1412.00
 1572.00
        
        
        
 3936.00
 5935.00
 6264.00
 5422.00
 3380.00
  697.00
  214.00
   70.00
  669.00
  763.00
 2043.00
   96.00
  270.00
  467.00
  485.00
   87.00
  629.00
        
  692.00
  543.00
        
   79.00
  168.00
   39.00
        
  591.00
 3283.00
  323.00
  334.00
 1410.00
  179.00
  556.00
 1569.00
   28.00
  651.00
 1282.00
 1393.00
  285.00
  292.00
  346.00
  336.00
  899.00
        
        
  360.00
  376.00
  207.00
  597.00
 5677.00
 1838.00
  311.00
 1292.00
  264.00
 3130.00
 4732.00
 2101.00
  253.00
 8447.00
 1154.00
 1613.00
  742.00
  352.00
 1297.00
  644.00
  706.00
  986.00
 1235.00
 1664.00
11528.00
 5196.00
  765.00
  385.00
   77.00
 1063.00
 2092.00
  409.00
  168.00
  667.00
        
  833.00
 1220.00
  710.00
  188.00
  681.00
  263.00
 1325.00
  869.00
  199.00
 2899.00
 8576.00
        
  850.00
  760.00
  386.00
 6056.00
 1888.00
 5684.00
 4783.00
  464.00
   75.00
 1431.00
  603.00
  411.00
  480.00
  156.00
  861.00
  774.00
 7531.00
 1786.00
  920.00
 3476.00
 1407.00
  488.00
 5600.00
 3897.00
 3618.00
  278.00
 2706.00
 4683.00
 3176.00
 1448.00
 3737.00
 1489.00
  975.00
 3376.00
  227.00
 2948.00
        
  129.00
  120.00
        
 3281.00
 2942.00
 1601.00
   38.00
 4424.00
        
  515.00
 3443.00
  973.00
 1059.00
  790.00
 2103.00
  406.00
 3220.00
 4520.00
  927.00
 1180.00
 2867.00
 2569.00
 2621.00
 3868.00
 4433.00
 3164.00
 2289.00
  450.00
 6438.00
 8622.00
 1322.00
   86.00
 3642.00
 2562.00
  435.00
  763.00
 1904.00
  198.00
  131.00
 1590.00
  328.00
  502.00
  366.00
  774.00
  327.00
 1348.00
  472.00
  279.00
 3114.00
   19.00
        
  143.00
 1012.00
 1053.00
  175.00
 1404.00
  608.00
        
  688.00
  960.00
  579.00
  469.00
   31.00
   86.00
   73.00
  932.00
 6012.00
  426.00
  540.00
 5580.00
   54.00
  422.00
  787.00
        
  622.00
  924.00
  887.00
 1052.00
  481.00
 5545.00
 2638.00
  245.00
   81.00
  662.00
  683.00
  419.00
  241.00
  584.00
 2223.00
        
  752.00
 3616.00
  225.00
  680.00
 2806.00
  527.00
        
  395.00
 1639.00
 3474.00
  163.00
  182.00
  286.00
        
  630.00
  148.00
  549.00
  388.00
 6432.00
  829.00
 3296.00
 2074.00
 1389.00
 2666.00
 1300.00
        
 2750.00
 1888.00
 2379.00
  253.00
 4025.00
 1360.00
  747.00
 2287.00
  738.00
 7636.00
 6144.00
 2082.00
 1876.00
 2385.00
 1583.00
 1028.00
  621.00
 1397.00
  693.00
 1690.00
  732.00
        
 2691.00
  587.00
  497.00
  774.00
  400.00
  348.00
  279.00
  271.00
  339.00
  443.00
  226.00
        
  440.00
  141.00
  147.00
 1239.00
  386.00
   10.00
  595.00
 2480.00
   83.00
        
  311.00
  118.00
  383.00
  817.00
  219.00
  137.00
  237.00
  308.00
  357.00
  338.00
 1161.00
 1052.00
 1077.00
  226.00
 1354.00
 1294.00
  552.00
  385.00
 1198.00
        
  855.00
  492.00
        
        
  843.00
  999.00
 1368.00
 1286.00
  955.00
 1041.00
  632.00
 2653.00
        
  946.00
 3299.00
 3135.00
 1155.00
        
   17.00
  833.00
  231.00
 3050.00
  924.00
  133.00
  604.00
 1743.00
 8175.00
        
  307.00
  310.00
  191.00
  151.00
   34.00
  157.00
 8982.00
 1005.00
  106.00
        
 1088.00
  119.00
        
    2.00
        
        
        
  109.00
        
  360.00
        
        
        
        
        
 1915.00
        
 1040.00
        
  342.00
        
 1802.00
  231.00
  323.00
   19.00
        
 7630.00
 1017.00
  497.00
  242.00
  183.00
  145.00
 2916.00
        
        
        
  149.00
        
  130.00
 2018.00
  190.00
  286.00
        
  167.00
        
        
        
        
        
    5.00
        
   98.00
  440.00
  290.00
   88.00
   95.00
        
 2331.00
        
  253.00
        
        
        
        
  300.00
  140.00
        
  404.00
   43.00
        
  348.00
  143.00
  139.00
 3352.00
 4004.00
  207.00
  194.00
        
        
  605.00
  987.00
        
   10.00
 2048.00
   69.00
        
   53.00
        
 7979.00
 3178.00
  408.00
  473.00
        
  133.00
  953.00
  130.00
        
  194.00
  178.00
  213.00
 3239.00
   16.00
        
        
        
  124.00
  122.00
  244.00
        
        
 2491.00
  144.00
  642.00
        
  178.00
   44.00
        
        
  588.00
  175.00
  263.00
        
        
        
  265.00
        
  159.00
        
   93.00
        
        
        
   47.00
  338.00
        
  437.00
  462.00
        
        
        
  248.00
  117.00
        
        
        
        
   43.00
   15.00
  173.00
        
        
  581.00
   48.00
        
  221.00
        
   27.00
        
  170.00
  414.00
        
  257.00
  167.00
        
        
        
        
        
   40.00
  750.00
  792.00
        
        
        
  215.00
   24.00
        
        
        
  218.00
 1166.00
  131.00
  185.00
        
        
        
  603.00
   67.00
        
   85.00
        
  274.00
        
        
  457.00
  117.00
        
   34.00
        
        
 1303.00
  381.00
  197.00
        
        
   44.00
        
 2613.00
 1287.00
  807.00
  628.00
  494.00
  610.00
   33.00
   24.00
        
  138.00
   97.00
        
  381.00
   98.00
  349.00
 3096.00
  164.00
        
  117.00
        
  729.00
  112.00
        
 4187.00
        
  132.00
   30.00
        
  287.00
        
   50.00
        
  209.00
  218.00
  593.00
        
 1399.00
 2148.00
        
   55.00
        
        
        
 1677.00
        
        
        
  766.00
  104.00
        
  264.00
 2038.00
   49.00
   27.00
 1338.00
        
        
        
        
        
        
        
  176.00
  504.00
   95.00
  220.00
  113.00
  113.00
  134.00
  148.00
        
        
  189.00
        
  413.00
  696.00
  139.00
        
 8944.00
   46.00
        
  138.00
 1610.00
  155.00
  274.00
  328.00
        
  104.00
  160.00
  174.00
   25.00
        
        
        
  787.00
  224.00
   73.00
        
  327.00
  185.00
   61.00
  201.00
  185.00
  205.00
  860.00
 2072.00
  136.00
  283.00
  128.00
   14.00
  228.00
  749.00
   99.00
  194.00
   31.00
  465.00
        
        
        
   16.00
   70.00
        
        
    6.00
   36.00
  213.00
        
        
        
   22.00
   17.00
        
        
  106.00
        
        
        
        
 1602.00
  155.00
   31.00
   11.00
 3604.00
  163.00
  386.00
  328.00
        
        
  475.00
  230.00
  105.00
   17.00
        
        
   37.00
        
  106.00
        
        
        
  118.00
        
  360.00
   49.00
        
        
 1926.00
  125.00
        
        
        
  570.00
        
   11.00
  524.00
   40.00
        
  582.00
  409.00
        
        
        
  109.00
  259.00
        
  192.00
   41.00
  212.00
  111.00
   95.00
  162.00
  118.00
   72.00
  171.00
  105.00
   51.00
        
        
        
        
  142.00
  220.00
        
  393.00
        
   40.00
  484.00
  189.00
        
        
        
        
        
        
        
  130.00
  745.00
        
        
        
        
        
   72.00
  249.00
 3142.00
   54.00
        
  156.00
 2105.00
        
        
   59.00
   25.00
        
   74.00
  162.00
   96.00
  113.00
   82.00
   68.00
 7356.00
  146.00
        
   40.00
  293.00
        
        
        
        
        
        
        
        
    9.00
        
        
        
        
  952.00
        
   43.00
  203.00
        
   21.00
        
  924.00
  314.00
  432.00
  153.00
  180.00
        
 2614.00
  108.00
        
        
        
        
  236.00
        
  327.00
        
        
        
        
  410.00
        
        
        
        
        
  385.00
  638.00
  214.00
        
        
        
  166.00
  221.00
        
  229.00
  134.00
        
    4.00
        
  137.00
 1496.00
 1260.00
 1413.00
        
  528.00
        
   34.00
   18.00
   28.00
        
        
        
        
  160.00
   56.00
   93.00
        
        
   65.00
   33.00
        
        
        
        
        
   20.00
        
        
   35.00
        
        
  176.00
  173.00
        
 1530.00
        
        
  158.00
 1039.00
        
        
  808.00
        
   55.00
 1423.00
        
        
        
        
        
        
  286.00
  446.00
  301.00
  451.00
  916.00
  191.00
  645.00
   32.00
   77.00
  199.00
   55.00
        
        
        
        
        
  241.00
  139.00
        
   34.00
        
        
        
  218.00
   32.00
        
        
        
        
        
  110.00
   47.00
    1.00
   68.00
 1107.00
        
 1205.00
        
  644.00
 1120.00
  169.00
  130.00
  702.00
   86.00
  220.00
        
        
        
        
        
        
        
        
   23.00
        
        
  147.00
  331.00
  142.00
  363.00
  184.00
  114.00
        
        
  199.00
        
   94.00
  201.00
        
  224.00
    3.00
  220.00
        
   66.00
  248.00
        
  754.00
 1075.00
   22.00
        
        
        
        
        
   12.00
   27.00
        
    2.00
   73.00
  815.00
   29.00
  122.00
  208.00
        
        
        
        
 1285.00
  146.00
  113.00
        
  242.00
        
  107.00
  210.00
        
        
        
        
  148.00
        
        
        
        
        
  118.00
        
   52.00
  604.00
  199.00
        
        
        
        
11495.00
 1302.00
 3618.00
  184.00
        
        
   56.00
   51.00
        
    5.00
        
        
        
        
   16.00
  132.00
 1170.00
        
        
  982.00
  380.00
12137.00
        
  248.00
  182.00
  126.00
        
  247.00
  141.00
        
        
        
        
        
        
  147.00
        
        
        
        
        
        
        
  183.00
        
  256.00
        
   87.00
        
        
        
  472.00
  131.00
  891.00
        
        
        
        
        
        
  431.00
  158.00
        
        
  295.00
        
   32.00
  127.00
   51.00
   25.00
        
        
        
   18.00
  559.00
   18.00
   56.00
  398.00
        
        
        
        
        
        
        
        
  806.00
  116.00
   97.00
  215.00
        
        
   58.00
  160.00
  136.00
  311.00
  152.00
        
        
        
  153.00
        
        
  108.00
  173.00
   32.00
  172.00
        
        
        
  106.00
   90.00
        
   47.00
   48.00
  953.00
  113.00
        
        
        
  263.00
 1633.00
        
        
        
  132.00
   93.00
        
        
        
        
  443.00
        
        
        
   93.00
  161.00
  141.00
   81.00
  204.00
  149.00
  136.00
  134.00
  129.00
        
        
        
        
        
  297.00
  215.00
 1517.00
  153.00
  114.00
        
   44.00
  500.00
        
    6.00
        
        
  301.00
        
        
        
 1005.00
   89.00
   48.00
  341.00
        
        
  110.00
  119.00
   64.00
  143.00
        
   33.00
        
        
        
   24.00
   45.00
   38.00
  114.00
        
        
  119.00
  324.00
  225.00
  259.00
  142.00
  316.00
  359.00
  206.00
  401.00
        
   41.00
   79.00
  153.00
  146.00
  105.00
  175.00
   95.00
   84.00
  149.00
  251.00
        
   83.00
        
   98.00
   27.00
  124.00
        
   76.00
        
        
        
   50.00
   64.00
   31.00
    5.00
   15.00
  265.00
        
        
        
        
        
        
  123.00
        
        
   53.00
        
   69.00
   66.00
        
  332.00
   32.00
 3564.00
        
        
  105.00
        
  333.00
  311.00
        
  366.00
  483.00
  231.00
        
        
   82.00
  169.00
   90.00
  147.00
   72.00
  115.00
  107.00
   99.00
  117.00
  228.00
  218.00
        
        
   15.00
        
 1153.00
   63.00
        
  112.00
   40.00
   94.00
   78.00
   56.00
  140.00
        
        
  133.00
   44.00
  236.00
  299.00
        
  148.00
        
   96.00
  201.00
  235.00
        
   64.00
        
        
  260.00
        
        
 2209.00
        
  165.00
        
        
        
        
 1559.00
        
  173.00
        
   71.00
        
    5.00
   30.00
   91.00
        
        
   25.00
        
        
        
        
   33.00
  270.00
        
        
  113.00
  286.00
  437.00
        
  822.00
   71.00
   45.00
   22.00
   85.00
   81.00
  103.00
  109.00
   41.00
   94.00
   71.00
  117.00
   25.00
        
   44.00
  185.00
   74.00
  267.00
  381.00
   83.00
        
        
   55.00
   79.00
  119.00
   26.00
   43.00
   65.00
        
        
        
        
        
        
        
        
        
        
        
        
        
        
        
        
        
        
        
        
        
        
        
        
        
        
        
        
        
        
        
        
        
        
        
        
        
        
        
        
        
        
        
        
        
        
        
        
        
        
        
        
        
        
        
        
        
        
        
        
        
        
        
        
        
        
        
        
        
        
        
        
        
        
        
        
        
        
        
        
        
        
        
        
        
        
        
        
        
        
        
        
        
        
        
        
        
        
        
        
        
        
        
        
        
        
        
        
        
        
        
        
        
        
        
        
        
        
        
        
        
        
        
        
        
        
        
        
        
        
        
        
        
        
        
        
        
        
        
        
        
        
        
        
        
        
        
        
        
        
        
        
        
        
        
        
        
        
        
        
        
        
        
        
        
        
        
        
        
        
        
        
        
        
        
        
        
        
        
        
        
        
        
        
        
        
        
        
        
        
        
        
        
        
        
        
        
        
        
        
        
        
        
        
        
        
        
        
        
        
        
        
        
        
        
        
        
        
        
        
        
        
        
        
        
        
        
        
        
        
        
        
        
        
        
        
        
        
        
        
        
        
        
        
        
        
        
        
        
        
        
        
        
        
        
        
        
        
        
        
        
        
        
        
        
        
        
        
        
        
        
        
        
        
        
        
        
        
        
        
        
        
        
        
        
        
        
        
        
        
        
        
        
        
        
        
        
        
        
        
        
        
        
        
        
        
        
        
        
        
        
        
        
        
        
        
        
        
        
        
        
        
        
        
        
        
        
        
        
        
        
        
        
        
        
        
        
        
        
        
        
        
        
        
        
        
        
        
        
        
        
        
        
        
        
        
        
        
        
        
        
        
        
        
        
        
        
        
        
        
        
        
        
        
        
        
        
        
        
        
        
        
        
        
        
        
        
        
        
        
        
        
        
        
        
        
        
        
        
        
        
        
        
        
        
        
        
        
        
        
        
        
        
        
        
        
        
        
        
        
        
        
        
        
        
        
        
        
        
        
        
        
        
        
        
        
        
        
        
        
        
        
        
        
        
        
        
        
        
        
        
        
        
        
        
        
        
        
        
        
        
        
        
        
        
        
        
        
        
        
        
        
        
        
        
        
        
        
        
        
        
        
        
        
        
        
        
        
        
        
        
        
        
        
        
        
        
        
        
        
        
        
        
        
        
        
        
        
        
        
        
        
        
        
        
        
        
        
        
        
        
        
        
        
        
        
        
        
        
        
        
        
        
        
        
        
        
        
        
        
        
        
        
        
        
        
        
        
        
        
        
        
        
        
        
        
        
        
        
        
        
        
        
        
        
        
        
        
        
        
        
        
        
        
        
        
        
        
        
        
        
        
        
        
        
        
        
        
        
        
        
        
        
        
        
        
        
        
        
        
        
        
        
        
        
        
        
        
        
        
        
        
        
        
        
        
        
        
        
        
        
        
        
        
        
        
        
        
        
        
        
        
        
        
        
        
        
        
        
        
        
        
        
        
        
        
        
        
        
        
        
        
        
        
        
        
        
        
        
        
        
        
        
        
        
        
        
        
        
        
        
        
        
        
        
        
        
        
        
        
        
        
        
        
        
        
        
        
        
        
        
        
        
        
        
        
        
        
        
        
        
        
        
        
        
        
        
        
        
        
        
        
        
        
        
        
        
        
        
        
        
        
        
        
        
        
        
        
        
        
        
        
        
        
        
        
        
        
        
        
        
        
        
        
        
        
        
        
        
        
        
        
        
        
        
        
        
        
        
        
        
        
        
        
        
        
        
        
        
        
        
        
        
        
        
        
        
        
        
        
        
        
        
        
        
        
        
        
        
        
        
        
        
        
        
        
        
        
        
        
        
        
        
        
        
        
        
        
        
        
        
        
        
        
        
        
        
        
        
        
        
        
        
        
        
        
        
        
        
        
        
        
        
        
        
        
        
        
        
        
        
        
        
        
        
        
        
        
        
        
        
        
        
        
        
        
        
        
        
        
        
        
        
        
        
        
        
        
        
        
        
        
        
        
        
        
        
        
        
        
        
        
        
        
        
        
        
        
        
        
        
        
        
        
        
        
        
        
        
        
        
        
        
        
        
        
        
        
        
        
        
        
        
        
        
        
        
        
        
        
        
        
        
        
        
        
        
        
        
        
        
        
        
        
        
        
        
        
        
        
        
        
        
        
        
        
        
        
        
        
        
        
        
        
        
        
        
        
        
        
        
        
        
        
        
        
        
        
        
        
        
        
        
        
        
        
        
        
        
        
        
        
        
        
        
        
        
        
        
        
        
        
        
        
        
        
        
        
        
        
        
        
        
        
        
        
        
        
        
        
        
        
        
        
        
        
        
        
        
        
        
        
        
        
        
        
        
        
        
        
        
        
        
        
        
        
        
        
        
        
        
        
        
        
        
        
        
        
        
        
        
        
        
        
        
        
        
        
        
        
        
        
        
        
        
        
        
        
        
        
        
        
        
        
        
        
        
        
        
        
        
        
        
        
        
        
        
        
        
        
        
        
        
        
        
        
        
        
        
        
        
        
        
        
        
        
        
        
        
        
        
        
        
        
        
        
        
        
        
        
        
        
        
        
        
        
        
        
        
        
        
        
        
        
        
        
        
        
        
        
        
        
        
        
        
        
        
        
        
        
        
        
        
        
        
        
        
        
        
        
        
        
        
        
        
        
        
        
        
        
        
        
        
        
        
        
        
        
        
        
        
        
        
        
        
        
        
        
        
        
        
        
        
        
        
        
        
        
        
        
        
        
        
        
        
        
        
        
        
        
        
        
        
        
        
        
        
        
        
        
        
        
        
        
        
        
        
        
        
        
        
        
        
        
        
        
        
        
        
        
        
        
        
        
        
        
        
        
        
        
        
        
        
        
        
        
        
        
        
        
        
        
        
        
        
        
        
        
        
        
        
        
        
        
        
        
        
        
        
        
        
        
        
        
        
        
        
        
        
        
        
        
        
        
        
        
        
        
        
        
        
        
        
        
        
        
        
        
        
        
        
        
        
        
        
        
        
        
        
        
        
        
        
        
        
        
        
        
        
        
        
        
        
        
        
        
        
        
        
        
        
        
        
        
        
        
        
        
        
        
        
        
        
        
        
        
        
        
        
        
        
        
        
        
        
        
        
        
        
        
        
        
        
        
        
        
        
        
        
        
        
        
        
        
        
        
        
        
        
        
        
        
        
        
        
        
        
        
        
        
        
        
        
        
        
        
        
        
        
        
        
        
        
        
        
        
        
        
        
        
        
        
        
        
        
        
        
        
        
        
        
        
        
        
        
        
        
        
        
        
        
        
        
        
        
        
        
        
        
        
        
        
        
        
        
        
        
        
        
        
        
        
        
        
        
        
        
        
        
        
        
        
        
        
        
        
        
        
        
        
        
        
        
        
        
        
        
        
        
        
        
        
        
        
        
        
        
        
        
        
        
        
        
        
        
        
        
        
        
        
        
        
        
        
        
        
        
        
        
        
        
        
        
        
        
        
        
        
        
        
        
        
        
        
        
        
        
        
        
        
        
        
        
        
        
        
        
        
        
        
        
        
        
        
        
        
        
        
        
        
        
        
        
        
        
        
        
        
        
        
        
        
        
        
        
        
        
        
        
        
        
        
        
        
        
        
        
        
        
        
        
        
        
        
        
        
        
        
        
        
        
        
        
        
        
        
        
        
        
        
        
        
        
        
        
        
        
        
        
        
        
        
        
        
        
        
        
        
        
        
        
        
        
        
        
        
        
        
        
        
        
        
        
        
        
        
        
        
        
        
        
        
        
        
        
        
        
        
        
        
        
        
        
        
        
        
        
        
        
        
        
        
        
        
        
        
        
        
        
        
        
        
        
        
        
        
        
        
        
        
        
        
        
        
        
        
        
        
        
        
        
        
        
        
        
        
        
        
        
        
        
        
        
        
        
        
        
        
        
        
        
        
        
        
        
        
        
        
        
        
        
        
        
        
        
        
        
        
        
        
        
        
        
        
        
        
        
        
        
        
        
        
        
        
        
        
        
        
        
        
        
        
        
        
        
        
        
        
        
        
        
        
        
        
        
        
        
        
        
        
        
        
        
        
        
        
        
        
        
        
        
        
        
        
        
        
        
        
        
        
        
        
        
        
        
        
        
        
        
        
        
        
        
        
        
        
        
        
        
        
        
        
        
        
        
        
        
        
        
        
        
        
        
        
        
        
        
        
        
        
        
        
        
        
        
        
        
        
        
        
        
        
        
        
        
        
        
        
        
        
        
        
        
        
        
        
        
        
        
        
        
        
        
        
        
        
        
        
        
        
        
        
        
        
        
        
        
        
        
        
        
        
        
        
        
        
        
        
        
        
        
        
        
        
        
        
        
        
        
        
        
        
        
        
        
        
        
        
        
        
        
        
        
        
        
        
        
        
        
        
        
        
        
        
        
        
        
        
        
        
        
        
        
        
        
        
        
        
        
        
        
        
        
        
        
        
        
        
        
        
        
        
        
        
        
        
        
        
        
        
        
        
        
        
        
        
        
        
        
        
        
        
        
        
        
        
        
        
        
        
        
        
        
        
        
        
        
        
        
        
        
        
        
        
        
        
        
        
        
        
        
        
        
        
        
        
        
        
        
        
        
        
        
        
        
        
        
        
        
        
        
        
        
        
        
        
        
        
        
        
        
        
        
        
        
        
        
        
        
        
        
        
        
        
        
        
        
        
        
        
        
        
        
        
        
        
        
        
        
        
        
        
        
        
        
        
        
        
        
        
        
        
        
        
        
        
        
        
        
        
        
        
        
        
        
        
        
        
        
        
        
        
        
        
        
        
        
        
        
        
        
        
        
        
        
        
        
        
        
        
        
        
        
        
        
        
        
        
        
        
        
        
        
        
        
        
        
        
        
        
        
        
        
        
        
        
        
        
        
        
        
        
        
        
        
        
        
        
        
        
        
        
        
        
        
        
        
        
        
        
        
        
        
        
        
        
        
        
        
        
        
        
        
        
        
        
        
        
        
        
        
        
        
        
        
        
        
        
        
        
        
        
        
        
        
        
        
        
        
        
        
        
        
        
        
        
        
        
        
        
        
        
        
        
        
        
        
        
        
        
        
        
        
        
        
        
        
        
        
        
        
        
        
        
        
        
        
        
        
        
        
        
        
        
        
        
        
        
        
        
        
        
        
        
        
        
        
        
        
        
        
        
        
        
        
        
        
        
        
        
        
        
        
        
        
        
        
        
        
        
        
        
        
        
        
        
        
        
        
        
        
        
        
        
        
        
        
        
        
        
        
        
        
        
        
        
        
        
        
        
        
        
        
        
        
        
        
        
        
        
        
        
        
        
        
        
        
        
        
        
        
        
        
        
        
        
        
        
        
        
        
        
        
        
        
        
        
        
        
        
        
        
        
        
        
        
        
        
        
        
        
        
        
        
        
        
        
        
        
        
        
        
        
        
        
        
        
        
        
        
        
        
        
        
        
        
        
        
        
        
        
        
        
        
        
        
        
        
        
        
        
        
        
        
        
        
        
        
        
        
        
        
        
        
        
        
        
        
        
        
        
        
        
        
        
        
        
        
        
        
        
        
        
        
        
        
        
        
        
        
        
        
        
        
        
        
        
        
        
        
        
        
        
        
        
        
        
        
        
        
        
        
        
        
        
        
        
        
        
        
        
        
        
        
        
        
        
        
        
        
        
        
        
        
        
        
        
        
        
        
        
        
        
        
        
        
        
        
        
        
        
        
        
        
        
        
        
        
        
        
        
        
        
        
        
        
        
        
        
        
        
        
        
        
        
        
        
        
        
        
        
        
        
        
        
        
        
        
        
        
        
        
        
        
        
        
        
        
        
        
        
        
        
        
        
        
        
        
        
        
        
        
        
        
        
        
        
        
        
        
        
        
        
        
        
        
        
        
        
        
        
        
        
        
        
        
        
        
        
        
        
        
        
        
        
        
        
        
        
        
        
        
        
        
        
        
        
        
        
        
        
        
        
        
        
        
        
        
        
        
        
        
        
        
        
        
        
        
        
        
        
        
        
        
        
        
        
        
        
        
        
        
        
        
        
        
        
        
        
        
        
        
        
        
        
        
        
        
        
        
        
        
        
        
        
        
        
        
        
        
        
        
        
        
        
        
        
        
        
        
        
        
        
        
        
        
        
        
        
        
        
        
        
        
        
        
        
        
        
        
        
        
        
        
        
        
        
        
        
        
        
        
        
        
        
        
        
        
        
        
        
        
        
        
        
        
        
        
        
        
        
        
        
        
        
        
        
        
        
        
        
        
        
        
        
        
        
        
        
        
        
        
        
        
        
        
        
        
        
        
        
        
        
        
        
        
        
        
        
        
        
        
        
        
        
        
        
        
        
        
        
        
        
        
        
        
        
        
        
        
        
        
        
        
        
        
        
        
        
        
        
        
        
        
        
        
        
        
        
        
        
        
        
        
        
        
        
        
        
        
        
        
        
        
        
        
        
        
        
        
        
        
        
        
        
        
        
        
        
        
        
        
        
        
        
        
        
        
        
